# <Transmitter Set: Tx: 3 T2 - Point 1> 
# <Receiver Set: Rx: 2 R1 > 
# <X(m)> <Y(m)> <Z(m)> <Distance(m)> <Power(dBm)> <Phase(deg)>
1 -500 0 2 0 -54.2682 -11.8513
2 -495 0 2 5 -53.5631 -122.959
3 -490 0 2 10 -51.5491 93.1833
4 -485 0 2 15 -52.6957 -56.8579
5 -480 0 2 20 -54.6415 163.573
6 -475 0 2 25 -51.5628 19.9006
7 -470 0 2 30 -53.2142 -98.3441
8 -465 0 2 35 -53.4927 95.7021
9 -460 0 2 40 -51.995 -44.8623
10 -455 0 2 45 -52.8833 162.637
11 -450 0 2 50 -52.7723 8.78212
12 -445 0 2 55 -52.1537 -148.616
13 -440 0 2 60 -53.1374 54.6373
14 -435 0 2 65 -52.0853 -119.308
15 -430 0 2 70 -51.2849 102.822
16 -425 0 2 75 -53.381 -63.1431
17 -420 0 2 80 -52.2059 110.983
18 -415 0 2 85 -52.6264 -50.3725
19 -410 0 2 90 -52.3765 131.306
20 -405 0 2 95 -52.0696 -50.5006
21 -400 0 2 100 -52.5913 125.734
22 -395 0 2 105 -52.3295 -58.2273
23 -390 0 2 110 -53.6406 104.12
24 -385 0 2 115 -51.2251 -69.7823
25 -380 0 2 120 -51.7231 85.8223
26 -375 0 2 125 -49.464 -117.141
27 -370 0 2 130 -49.4839 48.7019
28 -365 0 2 135 -52.106 -149.466
29 -360 0 2 140 -52.1411 -20.1818
30 -355 0 2 145 -50.7471 120.762
31 -350 0 2 150 -52.0561 -98.2491
32 -345 0 2 155 -52.2046 32.1056
33 -340 0 2 160 -52.5084 157.087
34 -335 0 2 165 -52.146 -63.8056
35 -330 0 2 170 -52.9408 54.5397
36 -325 0 2 175 -53.5303 164.004
37 -320 0 2 180 -51.9592 -87.7402
38 -315 0 2 185 -52.3911 17.7804
39 -310 0 2 190 -52.3987 120.927
40 -305 0 2 195 -51.7078 -153.769
41 -300 0 2 200 -52.0074 -59.8201
42 -295 0 2 205 -49.8252 15.005
43 -290 0 2 210 -50.0437 88.0237
44 -285 0 2 215 -49.5102 154.678
45 -280 0 2 220 -49.2229 -146.764
46 -275 0 2 225 -48.5067 -103.61
47 -270 0 2 230 -48.4812 -54.1315
48 -265 0 2 235 -49.1615 -23.3887
49 -260 0 2 240 -48.8401 3.99311
50 -255 0 2 245 -48.1881 26.0508
51 -250 0 2 250 -48.0387 35.3903
52 -245 0 2 255 -48.5814 34.7273
53 -240 0 2 260 -48.4954 32.756
54 -235 0 2 265 -48.2927 16.8483
55 -230 0 2 270 -48.2452 -0.251817
56 -225 0 2 275 -48.5237 -39.4565
57 -220 0 2 280 -52.0308 -66.8707
58 -215 0 2 285 -47.9675 -111.104
59 -210 0 2 290 -48.4316 130.761
60 -205 0 2 295 -47.3865 61.3423
61 -200 0 2 300 -48.8276 -6.99674
62 -195 0 2 305 -49.8288 -118.217
63 -190 0 2 310 -47.3242 119.361
64 -185 0 2 315 -48.0004 -2.77049
65 -180 0 2 320 -47.6313 -153.612
66 -175 0 2 325 -47.9229 90.3648
67 -170 0 2 330 -43.8083 -141.408
68 -165 0 2 335 -42.8601 23.3202
69 -160 0 2 340 -48.3202 -165.809
70 -155 0 2 345 -49.2492 -3.08442
71 -150 0 2 350 -50.1062 69.3289
72 -145 0 2 355 -46.0512 162.473
73 -140 0 2 360 -46.4967 -97.0018
74 -135 0 2 365 -46.3171 -41.6423
75 -130 0 2 370 -46.2437 -8.86101
76 -125 0 2 375 -46.061 2.25908
77 -120 0 2 380 -45.9602 -11.505
78 -115 0 2 385 -45.831 -51.9958
79 -110 0 2 390 -45.6803 -118.296
80 -105 0 2 395 -45.415 146.558
81 -100 0 2 400 -45.3767 22.7869
82 -95 0 2 405 -45.2801 -133.465
83 -90 0 2 410 -42.7533 32.9081
84 -85 0 2 415 -43.1082 -173.583
85 -80 0 2 420 -42.9277 -74.7408
86 -75 0 2 425 -44.6564 -23.2879
87 -70 0 2 430 -44.4655 -2.77501
88 -65 0 2 435 -44.2714 -25.4588
89 -60 0 2 440 -44.0889 -94.4208
90 -55 0 2 445 -43.954 148.077
91 -50 0 2 450 -43.8073 -20.2807
92 -45 0 2 455 -41.6592 112.594
93 -40 0 2 460 -46.0466 -169.532
94 -35 0 2 465 -41.4013 -152.672
95 -30 0 2 470 -42.6998 175.039
96 -25 0 2 475 -44.2826 44.4576
97 -20 0 2 480 -44.1477 -153.319
98 -15 0 2 485 -42.6085 -69.8595
99 -10 0 2 490 -42.5022 -71.0623
100 -5 0 2 495 -42.2871 -164.024
101 0 0 2 500 -44.0304 10.2835
102 5 0 2 505 -40.1669 67.5593
103 10 0 2 510 -43.5642 10.2227
104 15 0 2 515 -40.594 -151.845
105 20 0 2 520 -41.8983 -110.016
106 25 0 2 525 -41.096 170.891
107 30 0 2 530 -40.911 -68.1999
108 35 0 2 535 -40.7548 -112.75
109 40 0 2 540 -41.2372 34.0753
110 45 0 2 545 -40.9844 -21.8348
111 50 0 2 550 -40.1506 63.8473
112 55 0 2 555 -39.9017 -67.126
113 60 0 2 560 -39.7463 -83.1976
114 65 0 2 565 -39.5877 -5.04491
115 70 0 2 570 -39.3837 145.395
116 75 0 2 575 -39.1519 -15.9469
117 80 0 2 580 -39.038 -155.392
118 85 0 2 585 -38.7875 58.4091
119 90 0 2 590 -38.6765 -122.031
120 95 0 2 595 -38.5851 -8.87847
121 100 0 2 600 -38.5627 3.95324
122 105 0 2 605 -38.2235 -117.427
123 110 0 2 610 -37.9653 -48.6441
124 115 0 2 615 -37.9123 176.581
125 120 0 2 620 -37.8607 159.492
126 125 0 2 625 -37.7892 -131.257
127 130 0 2 630 -37.5921 -9.75968
128 135 0 2 635 -37.7423 135.488
129 140 0 2 640 -37.5956 -83.5911
130 145 0 2 645 -37.5074 33.3631
131 150 0 2 650 -37.4102 113.486
132 155 0 2 655 -37.3522 138.807
133 160 0 2 660 -37.6178 111.411
134 165 0 2 665 -37.5887 36.1955
135 170 0 2 670 -37.6473 -83.8761
136 175 0 2 675 -37.4859 134.059
137 180 0 2 680 -37.6532 -6.85354
138 185 0 2 685 -37.0104 -139.34
139 190 0 2 690 -37.7726 156.965
140 195 0 2 695 -37.8145 176.094
141 200 0 2 700 -37.9842 -45.8619
142 205 0 2 705 -37.8138 -119.634
143 210 0 2 710 -39.5226 19.5616
144 215 0 2 715 -54.1629 90.3699
145 220 0 2 720 -53.5525 -11.9386
146 225 0 2 725 -55.8827 163.113
147 230 0 2 730 -55.2518 -34.2991
148 235 0 2 735 -60.4152 149.713
149 240 0 2 740 -51.7753 -94.5395
150 245 0 2 745 -52.1355 130.903
151 250 0 2 750 -54.0456 64.9623
152 255 0 2 755 -65.1354 75.3196
153 260 0 2 760 -54.0677 176.781
154 265 0 2 765 -52.15 60.619
155 270 0 2 770 -44.5325 86.8329
156 275 0 2 775 -43.3151 61.1373
157 280 0 2 780 -45.2807 -170.262
158 285 0 2 785 -47.0586 115.569
159 290 0 2 790 -47.8643 -179.365
160 295 0 2 795 -44.6972 56.2373
161 300 0 2 800 -57.1868 156.82
162 305 0 2 805 -47.578 47.0285
163 310 0 2 810 -45.7498 50.6572
164 315 0 2 815 -42.3785 -137.37
165 320 0 2 820 -40.7091 -40.9476
166 325 0 2 825 -41.9899 -90.2669
167 330 0 2 830 -42.0003 -142.532
168 335 0 2 835 -39.7887 37.8407
169 340 0 2 840 -40.6305 162.984
170 345 0 2 845 -43.8873 -141.355
171 350 0 2 850 -43.8031 -160.611
172 355 0 2 855 -42.4644 127.11
173 360 0 2 860 -43.9066 -1.86444
174 365 0 2 865 -43.4912 163.34
175 370 0 2 870 -43.971 -78.9158
176 375 0 2 875 -45.8991 -14.1941
177 380 0 2 880 -42.242 0.631669
178 385 0 2 885 -43.0652 9.35571
179 390 0 2 890 -46.3516 -37.5812
180 395 0 2 895 -47.2304 -162.74
181 400 0 2 900 -45.1732 69.4924
182 405 0 2 905 -49.4939 -110.678
183 410 0 2 910 -45.7913 56.3236
184 415 0 2 915 -46.3352 152.093
185 420 0 2 920 -47.8823 -116.074
186 425 0 2 925 -49.4257 -53.1307
187 430 0 2 930 -52.6483 32.5869
188 435 0 2 935 -48.7334 2.66152
189 440 0 2 940 -44.0423 22.2774
190 445 0 2 945 -49.6655 3.13828
191 450 0 2 950 -47.8602 -81.5061
192 455 0 2 955 -46.3063 -158.652
193 460 0 2 960 -44.1176 131.652
194 465 0 2 965 -51.1645 -60.1822
195 470 0 2 970 -43.515 -149.037
196 475 0 2 975 -51.1698 95.8873
197 480 0 2 980 -56.9824 -108.847
198 485 0 2 985 -49.2007 57.2594
199 490 0 2 990 -47.3036 -123.801
200 495 0 2 995 -49.1039 15.9954
201 500 0 2 1000 -49.7238 143.304
202 505 0 2 1005 -48.3035 -94.1222
203 510 0 2 1010 -43.1215 3.44256
204 515 0 2 1015 -43.7496 83.1389
205 520 0 2 1020 -46.6992 175.927
206 525 0 2 1025 -44.02 -116.293
207 530 0 2 1030 -46.6105 -63.5231
208 535 0 2 1035 -48.7065 -34.3774
209 540 0 2 1040 -45.5994 -7.32672
210 545 0 2 1045 -48.6025 15.4239
211 550 0 2 1050 -50.4281 17.5231
212 555 0 2 1055 -49.0304 40.4677
213 560 0 2 1060 -48.5126 32.1397
214 565 0 2 1065 -48.7387 20.4809
215 570 0 2 1070 -48.1214 4.82046
216 575 0 2 1075 -48.4333 -22.0731
217 580 0 2 1080 -48.7682 -59.1391
218 585 0 2 1085 -48.6816 -101.156
219 590 0 2 1090 -48.938 -151.734
220 595 0 2 1095 -50.8992 151.915
221 600 0 2 1100 -50.0577 92.9401
