# <Transmitter Set: Tx: 3 T2 - Point 1> 
# <Receiver Set: Rx: 2 R1 > 
# <X(m)> <Y(m)> <Z(m)> <Distance(m)> <Power(dBm)> <Phase(deg)>
1 -500 0 2 0 -76.5264 -93.8433
2 -495 0 2 5 -72.898 155.925
3 -490 0 2 10 -70.5292 47.5443
4 -485 0 2 15 -73.0101 -73.8536
5 -480 0 2 20 -72.7563 164.817
6 -475 0 2 25 -72.0286 100.315
7 -470 0 2 30 -75.064 -104.044
8 -465 0 2 35 -67.1296 -152.689
9 -460 0 2 40 -80.027 43.1506
10 -455 0 2 45 -71.8458 -84.8962
11 -450 0 2 50 -70.711 165.481
12 -445 0 2 55 -72.4434 34.172
13 -440 0 2 60 -71.9423 -124.516
14 -435 0 2 65 -70.2976 146.698
15 -430 0 2 70 -94.1122 38.7783
16 -425 0 2 75 -69.4737 137.694
17 -420 0 2 80 -70.2175 50.3739
18 -415 0 2 85 -71.8934 -72.7111
19 -410 0 2 90 -72.7648 126.359
20 -405 0 2 95 -73.4471 -27.0545
21 -400 0 2 100 -71.8196 174.427
22 -395 0 2 105 -71.6788 -4.70281
23 -390 0 2 110 -80.8842 152.089
24 -385 0 2 115 -68.3347 -32.7485
25 -380 0 2 120 -65.4869 -171.736
26 -375 0 2 125 -68.8177 54.0493
27 -370 0 2 130 -74.4959 -153.402
28 -365 0 2 135 -73.2209 53.2614
29 -360 0 2 140 -73.6097 -125.208
30 -355 0 2 145 -71.6343 40.6836
31 -350 0 2 150 -73.7736 -151.071
32 -345 0 2 155 -69.4652 14.1105
33 -340 0 2 160 -72.1776 163.021
34 -335 0 2 165 -71.0714 -101.506
35 -330 0 2 170 -68.7505 31.0763
36 -325 0 2 175 -69.5001 -168.23
37 -320 0 2 180 -75.4444 21.6292
38 -315 0 2 185 -73.1964 -172.969
39 -310 0 2 190 -69.3247 -37.4923
40 -305 0 2 195 -70.9855 79.8174
41 -300 0 2 200 -68.6245 170.371
42 -295 0 2 205 -67.8935 -73.3044
43 -290 0 2 210 -67.3393 30.173
44 -285 0 2 215 -67.7127 134.284
45 -280 0 2 220 -68.7697 -134.25
46 -275 0 2 225 -68.492 -33.4016
47 -270 0 2 230 -67.9375 50.4634
48 -265 0 2 235 -68.2197 130.479
49 -260 0 2 240 -69.5398 -159.482
50 -255 0 2 245 -68.0113 -82.4867
51 -250 0 2 250 -64.4231 -25.7951
52 -245 0 2 255 -69.1542 14.4723
53 -240 0 2 260 -68.761 63.3489
54 -235 0 2 265 -90.1166 116.635
55 -230 0 2 270 -96.3061 -151.127
56 -225 0 2 275 -93.7543 -140.312
57 -220 0 2 280 -73.8956 -101.974
58 -215 0 2 285 -72.4433 158.017
59 -210 0 2 290 -71.6752 -92.6976
60 -205 0 2 295 -70.5188 -124.172
61 -200 0 2 300 -73.7505 5.22516
62 -195 0 2 305 -70.9197 -25.5008
63 -190 0 2 310 -85.1795 102.217
64 -185 0 2 315 -87.4635 -139.728
65 -180 0 2 320 -92.0709 -155.134
66 -175 0 2 325 -68.8333 -115.43
67 -170 0 2 330 -72.0184 -151.258
68 -165 0 2 335 -67.54 132.329
69 -160 0 2 340 -67.1689 140.793
70 -155 0 2 345 -74.249 70.3811
71 -150 0 2 350 -73.4223 -38.3026
72 -145 0 2 355 -73.9059 176.927
73 -140 0 2 360 -106.73 101.266
74 -135 0 2 365 -110.021 109.591
75 -130 0 2 370 -102.123 175.784
76 -125 0 2 375 -111.107 25.4414
77 -120 0 2 380 -97.3033 130.638
78 -115 0 2 385 -100.381 164.122
79 -110 0 2 390 -65.6824 -108.582
80 -105 0 2 395 -65.2856 -105.766
81 -100 0 2 400 -65.189 -128.124
82 -95 0 2 405 -64.9876 -177.488
83 -90 0 2 410 -64.8559 103.619
84 -85 0 2 415 -63.4428 -25.9223
85 -80 0 2 420 -64.652 -149.244
86 -75 0 2 425 -64.3236 32.7047
87 -70 0 2 430 -64.2361 178.933
88 -65 0 2 435 -64.0507 -74.0543
89 -60 0 2 440 -63.9486 -8.30313
90 -55 0 2 445 -63.7361 14.264
91 -50 0 2 450 -63.5308 -9.81447
92 -45 0 2 455 -63.3678 -82.8937
93 -40 0 2 460 -63.2085 150.991
94 -35 0 2 465 -63.0103 -30.8839
95 -30 0 2 470 -62.7909 87.922
96 -25 0 2 475 -62.5884 142.479
97 -20 0 2 480 -62.4465 129.084
98 -15 0 2 485 -63.2777 46.6755
99 -10 0 2 490 -62.1419 -129.039
100 -5 0 2 495 -61.8177 -10.345
101 0 0 2 500 -61.5743 10.6631
102 5 0 2 505 -61.3892 -65.1047
103 10 0 2 510 -61.1937 114.451
104 15 0 2 515 -60.9897 -178.605
105 20 0 2 520 -60.7706 126.93
106 25 0 2 525 -61.7212 -56.9683
107 30 0 2 530 -60.3147 -27.99
108 35 0 2 535 -60.0613 -150.954
109 40 0 2 540 -59.8515 -81.6871
110 45 0 2 545 -59.6403 166.189
111 50 0 2 550 -59.355 -143.755
112 55 0 2 555 -59.112 51.0713
113 60 0 2 560 -58.9093 11.8218
114 65 0 2 565 -58.6291 77.4893
115 70 0 2 570 -58.4093 -134.848
116 75 0 2 575 -58.1597 69.3819
117 80 0 2 580 -58.3073 -56.4951
118 85 0 2 585 -57.9373 175.739
119 90 0 2 590 -57.4765 17.4223
120 95 0 2 595 -56.8883 155.119
121 100 0 2 600 -57.3406 -169.184
122 105 0 2 605 -56.9942 81.8313
123 110 0 2 610 -56.8585 153.518
124 115 0 2 615 -56.5476 7.35563
125 120 0 2 620 -56.2473 -44.0416
126 125 0 2 625 -56.0423 -34.1145
127 130 0 2 630 -55.9701 -5.90179
128 135 0 2 635 -56.0299 6.46487
129 140 0 2 640 -55.5358 -29.6727
130 145 0 2 645 -55.6807 -134.876
131 150 0 2 650 -56.1144 21.6898
132 155 0 2 655 -56.0138 74.2004
133 160 0 2 660 -56.0978 25.8665
134 165 0 2 665 -55.5566 -139.053
135 170 0 2 670 -56.7484 -30.079
136 175 0 2 675 -55.8132 7.22326
137 180 0 2 680 -58.0565 -22.2204
138 185 0 2 685 -53.3477 -25.9114
139 190 0 2 690 -56.7301 -41.6382
140 195 0 2 695 -56.7282 6.85093
141 200 0 2 700 -56.5401 153.034
142 205 0 2 705 -57.0607 83.4015
143 210 0 2 710 -58.1056 -154.423
144 215 0 2 715 -74.1053 11.1186
145 220 0 2 720 -66.2075 -3.80747
146 225 0 2 725 -70.4279 -149.76
147 230 0 2 730 -81.3387 -126.786
148 235 0 2 735 -82.0856 8.90156
149 240 0 2 740 -64.4051 -97.2237
150 245 0 2 745 -68.0937 179.722
151 250 0 2 750 -88.7668 90.2
152 255 0 2 755 -67.4609 -53.1157
153 260 0 2 760 -67.6802 82.1901
154 265 0 2 765 -73.7074 -76.7791
155 270 0 2 770 -69.843 155.974
156 275 0 2 775 -68.9349 -9.12618
157 280 0 2 780 -68.2827 1.71228
158 285 0 2 785 -72.6255 108.174
159 290 0 2 790 -75.98 73.0028
160 295 0 2 795 -77.0926 143.55
161 300 0 2 800 -76.0719 38.2774
162 305 0 2 805 -80.1214 115.641
163 310 0 2 810 -76.3695 115.751
164 315 0 2 815 -78.3986 124.002
165 320 0 2 820 -82.6363 -164.559
166 325 0 2 825 -81.9706 -94.9719
167 330 0 2 830 -79.9482 -162.389
168 335 0 2 835 -72.9147 168.278
169 340 0 2 840 -70.2162 127.723
170 345 0 2 845 -74.6532 -89.7236
171 350 0 2 850 -87.7429 -160.934
172 355 0 2 855 -86.6484 177.095
173 360 0 2 860 -88.8016 -0.675126
174 365 0 2 865 -78.3905 78.2626
175 370 0 2 870 -79.6714 30.5103
176 375 0 2 875 -79.7366 -26.787
177 380 0 2 880 -88.6176 -125.332
178 385 0 2 885 -75.9145 55.2413
179 390 0 2 890 -77.0494 -35.1627
180 395 0 2 895 -93.7974 -39.3038
181 400 0 2 900 -76.5078 178.728
182 405 0 2 905 -87.2482 23.7947
183 410 0 2 910 -80.5199 13.2055
184 415 0 2 915 -81.3717 -5.91165
185 420 0 2 920 -75.9335 16.1865
186 425 0 2 925 -80.5182 -156.862
187 430 0 2 930 -78.109 66.2109
188 435 0 2 935 -83.3294 -82.6791
189 440 0 2 940 -75.2083 177.987
190 445 0 2 945 -86.2432 -69.3935
191 450 0 2 950 -90.2394 107.246
192 455 0 2 955 -88.7708 -146.761
193 460 0 2 960 -78.6361 22.8697
194 465 0 2 965 -76.4628 -46.5349
195 470 0 2 970 -81.7795 -113.745
196 475 0 2 975 -75.208 -166.98
197 480 0 2 980 -93.704 -50.1644
198 485 0 2 985 -88.6684 12.5107
199 490 0 2 990 -83.5817 88.977
200 495 0 2 995 -85.0014 160.601
201 500 0 2 1000 -82.2894 163.726
202 505 0 2 1005 -82.1389 -149.838
203 510 0 2 1010 -71.5928 -75.4106
204 515 0 2 1015 -75.7276 -34.736
205 520 0 2 1020 -75.9815 -10.0694
206 525 0 2 1025 -86.1873 -91.1193
207 530 0 2 1030 -84.1945 25.0243
208 535 0 2 1035 -85.4074 -31.9652
209 540 0 2 1040 -88.5329 45.7212
210 545 0 2 1045 -91.1226 -1.68645
211 550 0 2 1050 -80.2412 -60.1077
212 555 0 2 1055 -84.6756 -85.9526
213 560 0 2 1060 -82.8039 -164.175
214 565 0 2 1065 -90.805 173.083
215 570 0 2 1070 -83.8367 139.261
216 575 0 2 1075 -84.3553 94.4803
217 580 0 2 1080 -81.0954 -2.40225
218 585 0 2 1085 -82.595 -73.8168
219 590 0 2 1090 -82.5797 -167.406
220 595 0 2 1095 -82.4062 118.759
221 600 0 2 1100 -78.1178 12.3738
