# <Transmitter Set: Tx: 4 T3 - Point 1> 
# <Receiver Set: Rx: 2 R1 > 
# <X(m)> <Y(m)> <Z(m)> <Distance(m)> <Power(dBm)> <Phase(deg)>
1 -500 0 2 0 -45.5209 28.7758
2 -495 0 2 5 -52.4525 -5.74277
3 -490 0 2 10 -47.0432 -154.527
4 -485 0 2 15 -43.2566 142.873
5 -480 0 2 20 -48.6234 48.477
6 -475 0 2 25 -49.7709 -169.037
7 -470 0 2 30 -43.6557 40.5856
8 -465 0 2 35 -42.8266 -124.609
9 -460 0 2 40 -48.273 34.1851
10 -455 0 2 45 -52.6962 73.4901
11 -450 0 2 50 -46.3965 178.567
12 -445 0 2 55 -44.7677 -127.098
13 -440 0 2 60 -44.7563 -100.445
14 -435 0 2 65 -45.588 -111.017
15 -430 0 2 70 -45.5221 -164.242
16 -425 0 2 75 -43.632 114.682
17 -420 0 2 80 -45.2137 15.3422
18 -415 0 2 85 -45.1898 -139.799
19 -410 0 2 90 -45.5438 28.8293
20 -405 0 2 95 -45.7952 154.158
21 -400 0 2 100 -47.554 -122.534
22 -395 0 2 105 -47.4106 -79.3811
23 -390 0 2 110 -46.932 -93.0895
24 -385 0 2 115 -47.596 -156.259
25 -380 0 2 120 -49.4162 90.6926
26 -375 0 2 125 -48.9759 -73.0281
27 -370 0 2 130 -50.4322 57.0283
28 -365 0 2 135 -50.476 124.471
29 -360 0 2 140 -52.1064 134.057
30 -355 0 2 145 -52.0577 75.6789
31 -350 0 2 150 -54.9339 -62.9545
32 -345 0 2 155 -52.7202 89.2574
33 -340 0 2 160 -54.5845 169.65
34 -335 0 2 165 -55.1795 160.846
35 -330 0 2 170 -54.7247 66.3951
36 -325 0 2 175 -54.0966 -140.345
37 -320 0 2 180 -58.9876 -61.4652
38 -315 0 2 185 -60.5823 -114.015
39 -310 0 2 190 -58.5459 64.3526
40 -305 0 2 195 -66.6333 78.2733
41 -300 0 2 200 -63.2962 153.407
42 -295 0 2 205 -58.6885 108.015
43 -290 0 2 210 -51.9094 -33.1896
44 -285 0 2 215 -53.1328 171.017
45 -280 0 2 220 -55.4804 25.8765
46 -275 0 2 225 -56.1479 -123.989
47 -270 0 2 230 -57.7524 17.311
48 -265 0 2 235 -55.4802 -105.675
49 -260 0 2 240 -50.972 -84.2513
50 -255 0 2 245 -52.7965 112.746
51 -250 0 2 250 -56.767 -137.214
52 -245 0 2 255 -54.8595 19.4773
53 -240 0 2 260 -52.0041 114.906
54 -235 0 2 265 -51.9091 -149.613
55 -230 0 2 270 -50.9578 -96.823
56 -225 0 2 275 -53.4096 23.5186
57 -220 0 2 280 -53.7321 88.4187
58 -215 0 2 285 -53.8468 162.245
59 -210 0 2 290 -54.0339 -138.53
60 -205 0 2 295 -53.0333 -75.3048
61 -200 0 2 300 -56.7004 -40.2872
62 -195 0 2 305 -53.4941 -32.9924
63 -190 0 2 310 -55.8377 20.4307
64 -185 0 2 315 -55.1479 26.4563
65 -180 0 2 320 -53.1245 51.0868
66 -175 0 2 325 -54.068 33.2843
67 -170 0 2 330 -57.3538 8.49965
68 -165 0 2 335 -56.8263 45.7913
69 -160 0 2 340 -64.1524 -34.5247
70 -155 0 2 345 -46.0236 124.547
71 -150 0 2 350 -39.8564 -78.213
72 -145 0 2 355 -36.3608 -46.0815
73 -140 0 2 360 -37.7383 52.6063
74 -135 0 2 365 -37.8397 -29.0964
75 -130 0 2 370 -39.596 80.384
76 -125 0 2 375 -41.0875 -72.3251
77 -120 0 2 380 -39.5481 -44.0601
78 -115 0 2 385 -40.2806 126.761
79 -110 0 2 390 -41.0502 111.601
80 -105 0 2 395 -38.421 -96.7916
81 -100 0 2 400 -39.7004 -93.7987
82 -95 0 2 405 -39.6585 106.643
83 -90 0 2 410 -54.9467 -30.2106
84 -85 0 2 415 -56.3618 -135.678
85 -80 0 2 420 -52.6527 121.71
86 -75 0 2 425 -53.5607 21.4417
87 -70 0 2 430 -59.6044 -102.443
88 -65 0 2 435 -57.8244 168.823
89 -60 0 2 440 -56.1603 64.8936
90 -55 0 2 445 -57.5745 -48.1224
91 -50 0 2 450 -58.0299 -170.451
92 -45 0 2 455 -58.8939 58.0616
93 -40 0 2 460 -58.5051 -69.0738
94 -35 0 2 465 -58.7074 155.5
95 -30 0 2 470 -58.1746 19.5152
96 -25 0 2 475 -58.8018 -125.419
97 -20 0 2 480 -58.2183 97.175
98 -15 0 2 485 -59.0255 -55.1767
99 -10 0 2 490 -56.9571 158.171
100 -5 0 2 495 -57.6315 1.77312
101 0 0 2 500 -56.3505 -154.449
102 5 0 2 505 -56.6727 47.708
103 10 0 2 510 -56.8865 -114.821
104 15 0 2 515 -56.2712 79.7426
105 20 0 2 520 -57.6041 -87.1719
106 25 0 2 525 -57.4418 100.282
107 30 0 2 530 -57.0317 -71.5154
108 35 0 2 535 -57.6393 115.688
109 40 0 2 540 -57.7232 -62.2102
110 45 0 2 545 -57.4822 116.501
111 50 0 2 550 -57.3634 -61.9333
112 55 0 2 555 -57.2664 116.48
113 60 0 2 560 -57.7495 -67.4252
114 65 0 2 565 -57.7848 107.389
115 70 0 2 570 -58.2064 -83.9417
116 75 0 2 575 -47.537 67.6157
117 80 0 2 580 -56.9005 127.923
118 85 0 2 585 -59.2713 51.6719
119 90 0 2 590 -59.3202 -147.434
120 95 0 2 595 -45.2953 113.581
121 100 0 2 600 -46.4947 57.7353
122 105 0 2 605 -42.4277 -93.9622
123 110 0 2 610 -39.1807 82.2115
124 115 0 2 615 -40.6895 -158.109
125 120 0 2 620 -50.4522 -118.537
126 125 0 2 625 -44.5541 -121.099
127 130 0 2 630 -55.7546 -146.952
128 135 0 2 635 -48.9629 155.644
129 140 0 2 640 -43.1942 -3.54999
130 145 0 2 645 -44.2541 -140.233
131 150 0 2 650 -43.9467 8.87872
132 155 0 2 655 -45.8213 128.01
133 160 0 2 660 -58.3992 -96.158
134 165 0 2 665 -47.1651 -137.71
135 170 0 2 670 -44.7535 -119.685
136 175 0 2 675 -43.7053 -127.343
137 180 0 2 680 -44.6713 153.791
138 185 0 2 685 -49.0694 67.8257
139 190 0 2 690 -47.2617 24.5128
140 195 0 2 695 -45.7877 -173.466
141 200 0 2 700 -45.2833 79.5967
142 205 0 2 705 -51.6174 -119.595
143 210 0 2 710 -53.629 13.2791
144 215 0 2 715 -53.8016 124.222
145 220 0 2 720 -54 -104.998
146 225 0 2 725 -47.101 -7.40599
147 230 0 2 730 -45.7676 21.402
148 235 0 2 735 -50.2013 84.4273
149 240 0 2 740 -49.696 116.46
150 245 0 2 745 -53.7334 115.925
151 250 0 2 750 -54.9146 101.184
152 255 0 2 755 -56.426 75.8064
153 260 0 2 760 -54.6788 30.4838
154 265 0 2 765 -52.9553 -0.417582
155 270 0 2 770 -53.7721 -92.8441
156 275 0 2 775 -47.3459 -174.866
157 280 0 2 780 -47.7018 69.2312
158 285 0 2 785 -44.7523 -70.1572
159 290 0 2 790 -47.0451 142.164
160 295 0 2 795 -48.318 -32.7127
161 300 0 2 800 -55.2712 -174.547
162 305 0 2 805 -55.2938 47.2912
163 310 0 2 810 -48.1064 -144.055
164 315 0 2 815 -47.7458 4.60574
165 320 0 2 820 -51.1578 153.58
166 325 0 2 825 -50.3855 -61.717
167 330 0 2 830 -50.4465 58.3324
168 335 0 2 835 -47.9246 175.981
169 340 0 2 840 -51.9207 -95.8404
170 345 0 2 845 -52.0938 67.5619
171 350 0 2 850 -44.4088 150.376
172 355 0 2 855 -50.6267 -158.224
173 360 0 2 860 -55.4148 5.78731
174 365 0 2 865 -49.1254 4.18264
175 370 0 2 870 -57.9008 -20.1565
176 375 0 2 875 -55.5351 -141.356
177 380 0 2 880 -57.0553 72.7297
178 385 0 2 885 -52.2871 -13.2338
179 390 0 2 890 -53.6631 -120.499
180 395 0 2 895 -55.0242 116.126
181 400 0 2 900 -54.4431 -58.1724
182 405 0 2 905 -54.8252 149.709
183 410 0 2 910 -59.3681 52.8985
184 415 0 2 915 -54.3632 -152.47
185 420 0 2 920 -58.048 26.5894
186 425 0 2 925 -53.1369 -150.98
187 430 0 2 930 -62.2553 -0.165295
188 435 0 2 935 -62.921 126.09
189 440 0 2 940 -56.4755 -73.9588
190 445 0 2 945 -57.4987 75.4984
191 450 0 2 950 -55.1736 -174.42
192 455 0 2 955 -57.8765 -17.7127
193 460 0 2 960 -71.3478 -91.4584
194 465 0 2 965 -70.1372 -159.198
195 470 0 2 970 -55.837 -110.493
196 475 0 2 975 -56.4838 -15.6442
197 480 0 2 980 -55.6106 83.5477
198 485 0 2 985 -56.117 158.88
199 490 0 2 990 -58.4598 -121.003
200 495 0 2 995 -60.508 -64.1856
201 500 0 2 1000 -60.8484 -44.1798
202 505 0 2 1005 -62.5229 -18.8273
203 510 0 2 1010 -64.7319 1.75033
204 515 0 2 1015 -67.4083 9.00485
205 520 0 2 1020 -67.2143 24.3615
206 525 0 2 1025 -68.5808 13.2335
207 530 0 2 1030 -91.6554 81.7165
208 535 0 2 1035 -94.6909 82.7152
209 540 0 2 1040 -90.0237 51.183
210 545 0 2 1045 -82.8754 64.2322
211 550 0 2 1050 -96.5002 83.3125
212 555 0 2 1055 -84.1273 -134.673
213 560 0 2 1060 -89.0332 -88.3703
214 565 0 2 1065 -89.3057 -24.8303
215 570 0 2 1070 -89.5727 36.6646
216 575 0 2 1075 -89.8344 96.1994
217 580 0 2 1080 -90.091 153.855
218 585 0 2 1085 -90.3427 -150.294
219 590 0 2 1090 -90.5898 -96.1752
220 595 0 2 1095 -90.8324 -43.7207
221 600 0 2 1100 -91.0708 7.13345
