# <Transmitter Set: Tx: 4 T3 - Point 1> 
# <Receiver Set: Rx: 2 R1 > 
# <X(m)> <Y(m)> <Z(m)> <Distance(m)> <Power(dBm)> <Phase(deg)>
1 -500 0 2 0 -115.685 -64.391
2 -495 0 2 5 -120.77 -122.224
3 -490 0 2 10 -114.308 151.336
4 -485 0 2 15 -111.468 51.2965
5 -480 0 2 20 -131.927 -104.005
6 -475 0 2 25 -135.707 120.049
7 -470 0 2 30 -115.402 73.0295
8 -465 0 2 35 -118.461 91.6666
9 -460 0 2 40 -113.177 139.527
10 -455 0 2 45 -133.961 50.7735
11 -450 0 2 50 -113.078 96.1887
12 -445 0 2 55 -117.742 74.6037
13 -440 0 2 60 -117.781 74.0187
14 -435 0 2 65 -114.997 27.8255
15 -430 0 2 70 -112.258 88.2175
16 -425 0 2 75 -105.755 115.29
17 -420 0 2 80 -118.894 10.2143
18 -415 0 2 85 -128.024 -10.6521
19 -410 0 2 90 -112.956 101.263
20 -405 0 2 95 -120.821 -16.6801
21 -400 0 2 100 -113.969 29.868
22 -395 0 2 105 -116.622 -2.61794
23 -390 0 2 110 -113.912 137.918
24 -385 0 2 115 -112.195 -160.158
25 -380 0 2 120 -103.196 -1.46736
26 -375 0 2 125 -112.215 113.699
27 -370 0 2 130 -120.169 19.2007
28 -365 0 2 135 -117.928 -9.41627
29 -360 0 2 140 -113.514 -15.5084
30 -355 0 2 145 -109.422 -163.371
31 -350 0 2 150 -106.09 66.077
32 -345 0 2 155 -107.388 -18.5063
33 -340 0 2 160 -113.971 -156.703
34 -335 0 2 165 -104.366 35.44
35 -330 0 2 170 -101.088 -17.5993
36 -325 0 2 175 -114.138 -20.2372
37 -320 0 2 180 -104.499 120.834
38 -315 0 2 185 -106.408 -30.9656
39 -310 0 2 190 -113.101 -165.39
40 -305 0 2 195 -104.531 23.3423
41 -300 0 2 200 -103.119 11.6207
42 -295 0 2 205 -99.547 114.057
43 -290 0 2 210 -97.1054 -21.9613
44 -285 0 2 215 -97.4534 -124.127
45 -280 0 2 220 -98.8826 125.659
46 -275 0 2 225 -102.489 -43.826
47 -270 0 2 230 -111.389 170.521
48 -265 0 2 235 -109.795 55.0896
49 -260 0 2 240 -100.52 -116.123
50 -255 0 2 245 -97.3321 104.228
51 -250 0 2 250 -131.348 -38.6998
52 -245 0 2 255 -95.1 129.124
53 -240 0 2 260 -116.389 23.2947
54 -235 0 2 265 -95.5403 0.622894
55 -230 0 2 270 -106.841 116.014
56 -225 0 2 275 -77.2132 -162.766
57 -220 0 2 280 -102.354 161.032
58 -215 0 2 285 -111.447 83.0249
59 -210 0 2 290 -98.4747 101.424
60 -205 0 2 295 -100.719 179.179
61 -200 0 2 300 -101.065 -136.441
62 -195 0 2 305 -97.3319 139.392
63 -190 0 2 310 -97.4345 -121.554
64 -185 0 2 315 -93.4082 72.2035
65 -180 0 2 320 -91.7718 -46.8537
66 -175 0 2 325 -90.0897 136.638
67 -170 0 2 330 -86.8869 -148.855
68 -165 0 2 335 -82.7 78.592
69 -160 0 2 340 -76.0875 41.3628
70 -155 0 2 345 -63.4948 63.4635
71 -150 0 2 350 -56.6046 -66.6259
72 -145 0 2 355 -57.4265 19.1213
73 -140 0 2 360 -55.0809 155.584
74 -135 0 2 365 -56.4022 76.3349
75 -130 0 2 370 -55.2452 151.444
76 -125 0 2 375 -58.0372 20.8865
77 -120 0 2 380 -55.9714 -61.7389
78 -115 0 2 385 -58.5141 57.3151
79 -110 0 2 390 -58.6916 -49.1508
80 -105 0 2 395 -58.608 5.12495
81 -100 0 2 400 -58.5164 -121.994
82 -95 0 2 405 -59.204 -58.409
83 -90 0 2 410 -110.85 -143.288
84 -85 0 2 415 -92.7428 -56.8429
85 -80 0 2 420 -86.0349 164.291
86 -75 0 2 425 -86.995 133.645
87 -70 0 2 430 -97.9455 -100.973
88 -65 0 2 435 -99.3608 -105.28
89 -60 0 2 440 -102.073 -53.3815
90 -55 0 2 445 -96.1089 115.842
91 -50 0 2 450 -106.786 140.589
92 -45 0 2 455 -118.315 -19.1558
93 -40 0 2 460 -104.3 -24.078
94 -35 0 2 465 -103.639 -24.5282
95 -30 0 2 470 -108.511 -10.2662
96 -25 0 2 475 -114.69 106.621
97 -20 0 2 480 -106.413 116.545
98 -15 0 2 485 -106.71 105.789
99 -10 0 2 490 -111.474 122.18
100 -5 0 2 495 -107.528 164.305
101 0 0 2 500 -102.673 140.797
102 5 0 2 505 -101.441 97.9833
103 10 0 2 510 -103.031 31.1828
104 15 0 2 515 -105.33 -16.0423
105 20 0 2 520 -82.9593 34.0808
106 25 0 2 525 -82.832 -101.407
107 30 0 2 530 -100.299 -96.2253
108 35 0 2 535 -97.3502 178.293
109 40 0 2 540 -98.15 81.3276
110 45 0 2 545 -102.284 -46.1672
111 50 0 2 550 -101.237 151.999
112 55 0 2 555 -99.3654 19.4669
113 60 0 2 560 -101.304 -126.603
114 65 0 2 565 -101.545 59.0757
115 70 0 2 570 -101.983 -126.706
116 75 0 2 575 -97.297 31.7404
117 80 0 2 580 -96.841 -151.072
118 85 0 2 585 -94.971 -32.6627
119 90 0 2 590 -94.1678 129.046
120 95 0 2 595 -97.3294 -153.032
121 100 0 2 600 -94.6666 4.9214
122 105 0 2 605 -72.4763 -68.9902
123 110 0 2 610 -72.1417 -143.211
124 115 0 2 615 -75.5758 134.742
125 120 0 2 620 -78.2424 122.373
126 125 0 2 625 -81.8552 102.558
127 130 0 2 630 -82.5936 19.2603
128 135 0 2 635 -84.8159 -75.569
129 140 0 2 640 -91.2719 173.113
130 145 0 2 645 -95.1897 39.2736
131 150 0 2 650 -77.9132 81.946
132 155 0 2 655 -90.922 -123.559
133 160 0 2 660 -95.7967 114.602
134 165 0 2 665 -104.606 -96.329
135 170 0 2 670 -96.0916 82.8414
136 175 0 2 675 -99.2145 -65.2085
137 180 0 2 680 -98.1696 107.568
138 185 0 2 685 -97.3113 -97.7643
139 190 0 2 690 -107.872 70.4917
140 195 0 2 695 -107.821 169.518
141 200 0 2 700 -107.774 -117.719
142 205 0 2 705 -107.73 -70.3979
143 210 0 2 710 -78.8373 -128.352
144 215 0 2 715 -78.9295 -152.123
145 220 0 2 720 -79.009 161.021
146 225 0 2 725 -79.0659 91.9228
147 230 0 2 730 -106.149 162.642
148 235 0 2 735 -102.286 159.252
149 240 0 2 740 -78.3332 118.511
150 245 0 2 745 -79.0956 -27.9143
151 250 0 2 750 -79.3069 154.746
152 255 0 2 755 -78.3752 -32.414
153 260 0 2 760 -78.2826 125.14
154 265 0 2 765 -78.331 -98.6455
155 270 0 2 770 -78.4196 20.9602
156 275 0 2 775 -78.4292 126.266
157 280 0 2 780 -78.472 -147.183
158 285 0 2 785 -78.3512 -72.9466
159 290 0 2 790 -78.9906 -18.0206
160 295 0 2 795 -110.154 116.027
161 300 0 2 800 -111.908 -21.2908
162 305 0 2 805 -110.901 116.188
163 310 0 2 810 -108.195 -4.05913
164 315 0 2 815 -113.866 -156.756
165 320 0 2 820 -114.061 -8.82571
166 325 0 2 825 -92.1423 -177.065
167 330 0 2 830 -91.2048 -106.084
168 335 0 2 835 -90.5445 -127.992
169 340 0 2 840 -88.4062 151.963
170 345 0 2 845 -86.9405 7.89428
171 350 0 2 850 -69.3526 131.799
172 355 0 2 855 -71.6176 -167.828
173 360 0 2 860 -74.6761 -128.038
174 365 0 2 865 -74.3492 -120.007
175 370 0 2 870 -76.4478 -114.945
176 375 0 2 875 -78.7852 -121.683
177 380 0 2 880 -84.2673 174.349
178 385 0 2 885 -86.3057 51.6667
179 390 0 2 890 -99.377 18.4751
180 395 0 2 895 -87.4038 -125.555
181 400 0 2 900 -90.3248 133.726
182 405 0 2 905 -92.7811 16.7451
183 410 0 2 910 -111.83 -122.625
184 415 0 2 915 -112.314 -6.19059
185 420 0 2 920 -111.673 85.7153
186 425 0 2 925 -111.264 171.567
187 430 0 2 930 -111.03 -108.272
188 435 0 2 935 -117.261 -108.721
189 440 0 2 940 -108.63 57.8358
190 445 0 2 945 -110.982 102.122
191 450 0 2 950 -111.096 163.492
192 455 0 2 955 -111.271 -138.09
193 460 0 2 960 -111.409 -85.8573
194 465 0 2 965 -112.127 -35.788
195 470 0 2 970 -112.171 49.416
196 475 0 2 975 -111.865 58.9778
197 480 0 2 980 -96.9234 171.073
198 485 0 2 985 -97.2104 -134.531
199 490 0 2 990 -97.3443 -86.1781
200 495 0 2 995 -97.448 -43.7283
201 500 0 2 1000 -97.394 -8.30121
202 505 0 2 1005 -112.994 -82.4117
203 510 0 2 1010 -113.125 -52.9244
204 515 0 2 1015 -113.247 -25.1488
205 520 0 2 1020 -113.358 1.01004
206 525 0 2 1025 -113.461 25.6404
207 530 0 2 1030 -113.555 48.8247
208 535 0 2 1035 -113.641 70.6399
209 540 0 2 1040 -113.72 91.1582
210 545 0 2 1045 -113.793 110.447
211 550 0 2 1050 -124.73 72.5918
212 555 0 2 1055 -125.161 90.5151
213 560 0 2 1060 -126.891 -15.3427
214 565 0 2 1065 -126.971 -3.38714
215 570 0 2 1070 -127.05 7.76059
216 575 0 2 1075 -127.128 18.1388
217 580 0 2 1080 -127.205 27.7832
218 585 0 2 1085 -127.282 36.7274
219 590 0 2 1090 -127.358 45.0029
220 595 0 2 1095 -127.433 52.6394
221 600 0 2 1100 -127.508 59.6646
